2.068863480122688259e+01
5.601174139633271487e+00
2.896234172304484389e+01
4.048781284510110368e+01
-2.676710381756407386e+01
5.474220588171045421e+01
2.326388471945056224e+01
8.008206449741116728e+01
5.733744223130709372e+01
4.202262643481209636e+01
5.800701234235462778e+01
1.590053209384074435e+06
5.568172083243896253e+06
6.653757303373941220e+06
1.058512869492433406e+07
1.339479991487753578e+07
1.708729169515869766e+07
1.829892529016368836e+07
2.129791658077798039e+07
2.455037602772036940e+07
2.662878472156600654e+07
2.920032121095133200e+07
-2.086083357004143934e+01
1.066562284567464935e+00
3.036864911972263670e+01
2.866001047841778160e+01
-2.149528040006533658e+01
-2.029580583699668761e+00
-2.373218937135337114e+01
3.563293219609206375e+01
-2.240043557004069186e+01
1.110766241301392476e+01
-2.854206768220776169e+01
