2.486537468120662495e+07
3.745824201821468025e+07
8.543013947083668783e+06
3.798032832913625985e+06
1.053801935919135250e+07
-7.844605365730974823e+06
1.004984994485294446e+07
2.682447073678332381e+06
-8.066848284467915073e+06
2.604256539785830304e+07
-1.077760940401532650e+08
7.625854967715613544e+07
7.663876932581973076e+07
1.218599872105988115e+08
1.217991018860398829e+08
8.186392040626904368e+07
4.390260575056643688e-01
4.839553504774796622e+00
4.030056451809370444e+00
2.236839036927511515e+00
-3.929290007098642956e+00
2.332213305021290317e+00
1.763291393665863627e+00
-2.767017953323599677e+00
