4.289495510806526989e+06
4.218577967428565957e+06
4.036334422753690742e+06
4.720903368265874684e+06
1.796960639055628795e+06
4.166313494895187207e+06
4.602861598835640470e+05
4.292723450610620901e+06
3.052537561535095796e+06
2.091332302343051508e+07
3.550959380614376068e+07
6.088802640948873758e+07
7.692050403482820094e+07
8.454916308763015270e+07
1.086828737548224777e+08
1.164031951315436214e+08
1.912415638394162443e+02
-3.099140928432567943e+00
-1.392666690501060600e+02
-6.555852520066341782e+00
1.750674128886217034e+02
-1.886952286784875454e+01
-7.054339484877883137e+01
-9.573020081974786422e+01
