2.487699939754001796e+07
3.744336392154649645e+07
8.645775141383770853e+06
3.846169448924707714e+06
1.048982447429236956e+07
-7.826060756483087316e+06
9.961193009555459023e+06
2.672940918111416046e+06
-7.732251061267276295e+06
2.610391894835671037e+07
-1.079563652494144589e+08
7.722374575649936497e+07
7.604910277316471934e+07
1.219172102131547183e+08
1.225288712501380891e+08
8.107423176106543839e+07
4.809008565893457821e-01
4.802144717296284782e+00
4.006611913778754364e+00
2.250036502822108986e+00
-3.896553208571514659e+00
2.387344526881354234e+00
1.772654584057828497e+00
-2.783668614226860072e+00
