1.788105286725686938e+01
3.389195236711598369e+01
6.472730163583004526e+01
1.139190077737566753e+02
5.939673237189745691e+01
5.525761696828583069e+01
6.685517762731451796e+01
1.130898936384497802e+02
2.231298485693801660e+06
6.650617818316666409e+06
1.096427810016758926e+07
1.269543950789307803e+07
1.759742092480280995e+07
2.145123846772519127e+07
2.511664507551952079e+07
2.761041520693486184e+07
-2.492571804569864469e+01
-6.055780367055337621e+00
2.052154141260055020e+00
3.191369923866394132e+01
3.228438047769668628e+01
1.542010229798790277e+01
-2.477247347224755813e+01
-1.829345549940687832e+01
