2.464799831550187618e+07
3.767847864630607516e+07
8.748242848507754505e+06
4.011637350223348942e+06
1.072380240173491463e+07
-7.912394300790408626e+06
9.762207499976532534e+06
2.808328519692989998e+06
-8.043983054340203293e+06
2.657053580035540834e+07
-1.090962140506407768e+08
7.610605556165941060e+07
7.672469371411888301e+07
1.229797273052534759e+08
1.213170480332296342e+08
8.207280257170994580e+07
4.268418080967685824e-01
4.830012465101995112e+00
4.094618570581475936e+00
2.287003672028238732e+00
-3.831351391427402220e+00
2.301048773955845395e+00
1.810485352761800337e+00
-2.799623617740267356e+00
